a1_ij=-0.238546,a2_ij=0.091454,a3_ij=-0.428933,a4_ij=0.000000,a5_ij=0.000000
a1_it=4.260333,a2_it=0.260333,a3_it=0.000000
a1_ip=0.657204,a2_ip=-0.342796,a3_ip=-1.549194
a1_tj=4.260333,a2_tj=0.260333,a3_tj=0.000000
a1_pj=0.657204,a2_pj=-0.342796,a3_pj=-1.549194
a1_tp=-0.453200,a1_pt=-0.453200
a1_tt=2.726922,a2_tt=0.060255
a1_pp=-0.060255,a2_pp=-2.726922
Tau=0.000000,DTau=0.000000
K_T=1.000000,K_P=1.000000,Q=0.330000,nu=0.200000
